0 2 0 2 5 2 5 8 6
1 2 5 2 5 0 5 8 6
2 2 3 4 5 0 5
3 5 1 4 2 0 5 5
4 2 0 4 2 4 5 4 7 8
5 2 0 6 5 6 2 6 9 7
6 2 4 4 0 4 4 4
7 2 0
8 2 0
9 2 0 4 2
10 2 3 0 3 4 5 8 9 10 6
11 2 0
12 2 0 2 5 2 7 5 9 7
13 2 0 2 2
14 2 3 0 5 3 5 8 6 8 9
15 0 3 4 5 1 5
16 2 0 2
17 2 4 2 0 4 7 4 7 10 8
18 2 0 2 2 2 7 5
19 2 3 6 5 3 0
20 2 0 2 3 6 4 3 3 3 3
21 3 1 4 5 0 5 8 6
22 3 1 0 5 3 5 6
23 2 0 4 2 8 7 8 4
24 2 0 4 2
25 3 3 0 5 3 5 9 7 6
26 2 0 2 3 6 4 6 7
27 2 0 2
28 6 1 5 5 1 0 6 9 7
29 2 3 0 3 6 7 4
30 2 0 4 2 4 5 8 6
31 6 1 4 5 2 7 8 9 0
32 9 3 4 1 6 7 8 4 0 9
33 2 0 4 2
34 0 1 1 3 6 3 8 6
35 2 0
36 2 3 0 5 3 5 6 7
37 2 3 0 3 6 7 8 10 8 4
38 2 0 4 2 4 7 8 5
39 0
40 2 3 0 3 4 3 8 6
41 2 0 2 2 2 8 8 5
42 0
43 2 0 4 5 2 7 2 10 10 7
44 0
45 2 4 2 0
46 3 3 5 3 6 0 6 7 10 7
47 2 3 0 5 3 5 5 9 7
48 2 0
49 2 0 2 3 6 7 4
50 2 3 0
51 2 3 0 3 6 3 6 9 7
52 2 3 0 3 4 5
53 2 0 2 5 7 7 3 7 8
54 2 0
55 0 1
56 0
57 2 0
58 3 3 0 5 7 7 3 7
59 2 0 4 5 10 7 5 7 10 2
60 2 3 4 0 6 4 6 6 10 8
61 5 1 2 3 7 7 0
62 3 1 0 3 4 7 5 9 7
63 2 9 2 5 3 5 8 6 0 9
64 2 4 2 0 6 9 6 7 4
65 2 3 0 3 3 7 5
66 8 5 2 3 6 1 8 0 8
67 8 3 1 3 4 7 5 0 8
68 4 3 1 0 4 10 8 10 8 4
69 2 0 2 3 4 7 5 7 8
70 2 0 4 2
71 2 0 2 8 8 7 8 3
72 2 3 0 3 6 4 6 6 8 9
73 3 1 0 3 4 7 5 9 7
74 4 3 1 0 4 7 5 9 7
75 2 3 0 7 4 5 3
76 4 3 1 0 6 4
77 2 3 0 5 3
78 0 1 1
79 2 4 4 5 7 7 0 9 7
80 4 3 1 0 4 7 5
81 2 0 2 3 6 4
82 2 3 10 5 3 7 8 5 10 0
83 3 1 0 3 4 7 5 7
84 3 1 0 3
85 3 1 0
86 2 0 2 3 4 5 8 9 6
87 2 3 4 0 6 4
88 6 1 2 6 4 0 6
89 2 0 2 5 3 8 8 5
90 2 8 2 5 3 5 6 0 8 8
91 0 1 1 6 6 7 3
92 2 3 0 7 6 7 3
93 4 1 2 0 4 5 6
94 2 0 4 2 4
95 0 1
96 5 1 5 5 0
97 2 3 0 5 3 5 8 5 8
98 2 3 0 5 3 5 8 6 8 9
99 2 3 0 3 4
100 9 1 4 1 6 9 6 7 0 9
101 2 3 4 0 6 4
102 7 1 4 5 6 2 0 7 10 8
103 2 3 4 0 4 5
104 0 4 4 1
105 2 0 2 3 4
106 2 0 2 5 2 5 9 9 6
107 3 3 0 5 6 3
108 0 1
109 2 3 4 5 0 5 6 6 6
110 2 0 2 6 6 2
111 2 6 2 2 4 0 8 6 6 9
112 2 0 2
113 2 3 4 0 4 4 6 6 8
114 7 7 4 5 2 7 0 7 8 7
115 2 3 0 3 3 5 3 3 10 8
116 2 0 2
117 2 0 4 2 2
118 7 1 2 1 4 7 0 9 7 7
119 4 1 1 0 4 5
120 2 6 2 2 4 0 10 9 10 6
121 6 1 5 5 2 9 6 7 0 9
122 2 3 0 3 3 7 8 5 8
123 2 0 4 7 4 5 2 7 8 9
124 2 0 4 2
125 3 1 0 3 4
126 2 3 5 3 6 7 0 7 10 7
127 4 1 4 0
128 3 3 0 5 3 7 5
129 7 1 2 3 4 5 0 7
130 2 0 2 6 6 2
131 2 0 2 3 4 8 8 5
132 2 0 6 5 6 2
133 2 3 0 5 6 3 3 10 10 7
134 3 3 5 5 8 5 8 10 10 0
135 4 3 1 0 4 5 6
136 2 0 2 3 6 4
137 10 3 10 3 9 7 8 9 4 0
138 2 0 4 6 4 8 8 2 8
139 2 0
140 5 1 4 2 0 5 10 7 10 6
141 2 0 4 2
142 2 3 0 3 4 5
143 2 0
144 3 3 4 0 4 7 8 9 4 4
145 2 0 5 5 2
146 2 0
147 2 3 0 5 3
148 2 0
149 5 3 4 1 0 7 9 7 5 5
150 2 0 2 5 2 5 9 9 6
151 0
152 2 0 4 2 2 7 5
153 2 3 4 0 4 7 5 9 5
154 2 3 5 3 0 5
155 2 0 2 2 6 4 6 10 10 7
156 5 3 1 5 0 7 5 5 5 9
157 2 3 6 3 4 0 6 7 10 8
158 5 5 2 3 7 7 0 9 7
159 2 3 0 7 7 7 3 7 10 8
160 2 0 2 2 4
161 2 0 4 5 6 7 2
162 7 3 1 5 3 7 0 7
163 5 3 4 1 0 5 6 7
164 0 1 4 1
165 2 3 0 5 3 5 8 6
166 2 0 2 2 2 5
167 9 1 2 5 9 5 8 6 0 9
168 2 3 0 3 6 4 8 6
169 2 3 0 3 6 4
170 2 0 2 2 6 4 4 7 8 9
171 2 0 4 2
172 2 3 5 3 0
173 3 3 10 5 3 3 8 9 6 0
174 2 6 2 5 3 8 6 0
175 2 3 4 0
176 2 4 4 0 4 4 8 6 8
177 3 3 0
178 2 4 4 0 4 5 6
179 2 0 2 3 2 2 6
180 2 0 2 3 2 2 6
181 2 0 4 2 4 7 4 9 10 7
182 3 1 6 5 3 0
183 0
184 2 4 4 0
185 0 3 4 5 6 1 1 1
186 7 3 7 3 4 7 0 7 8
187 2 0 2 2
188 2 5 4 2 0
189 2 3 4 5 0
190 2 4 2 0
191 2 5 4 2 0 5 8 5
192 2 6 2 3 6 0 6 9 10 7
193 2 3 4 0 4 5
194 5 5 5 5 0 5 5 9 10 7
195 2 4 2 0
196 2 4 2 0
197 2 3 4 5 7 5 0
198 3 3 0 5 3 5 6
199 2 3 0 3 6 10 6 9 7 4
200 3 3 5 5 0 5 6 7 8
201 4 3 4 5 0 5 10 10 10 6
202 2 3 0 3 4 5 6
203 6 3 5 3 1 7 0 7 8
204 4 3 4 6 4 9 6 7 0 9
205 7 1 6 3 4 7 0 7
206 2 0 2
207 0
208 0
209 0
210 2 10 5 5 2 5 8 5 10 0
211 0
212 2 3 0
213 2 0
214 2 3 0 6 6 3 6 7 10 8
215 2 3 0 3 4 7 5
216 2 0 4 2 4 7 5 7 10 8
217 2 3 5 5 0 5 8 9 5 9
218 5 1 4 2 0 7 5
219 2 3 0 6 6 3 6 10 10 7
220 2 8 2 5 3 7 5 0 8 8
221 2 0 2
222 4 1 4 8 4 5 6 0 8 9
223 2 0 2 5 3 5 8 6
224 9 8 4 5 6 7 8 1 0
225 2 3 0 5 3
226 2 10 2 3 2 8 8 5 10 0
227 3 3 4 0 6 10 6 7 10 4
228 2 6 4 5 2 0 8 6 10 8
229 2 3 0 5 3 5 6
230 6 1 5 5 1 0 6 9 7
231 5 3 1 5 0 5 6
232 3 1 6 3 4 0 6
233 4 1 2 0 7 5 8 4
234 2 0 4 2
235 2 3 0 5 3 7 5
236 3 1 4 6 6 0 6 6 10 8
237 3 1 4 0 8 8 8 4
238 3 1 0 6 4 7 3
239 3 1 0 3 4
240 2 6 2 2 4 0 10 9 10 6
241 3 3 6 3 6 0 6 9 7 9
242 2 3 0 3 3
243 2 0 2 5 3
244 2 3 0 3 7 7 4 10 8 7
245 2 0 2 2
246 3 3 4 0 4 5 6 7
247 2 3 4 0 4 7 8 5 8
248 2 0 4 2 4 7 8 5 10 8
249 5 1 4 2 0 5 6 10 10 7
