0 2 0 2 5 2 5 6 2
1 2 5 5 5 0 5 5 5
2 2 4 4 5 0 5
3 2 5 4 2 0 5 5
4 2 0 4 2 4 2 2 7 8
5 2 0 2 2 2 2 2 9 2
6 2 0 4 2 2 5 2
7 2 0
8 2 0
9 2 0 2 2
10 2 3 0 3 3 5 8 9 10 3
11 2 0
12 2 0 7 5 6 7 2 9 7
13 2 0 2 2
14 2 3 0 5 3 5 8 6 10 6
15 0 3 1 1 1 5
16 2 0 2
17 2 4 2 0 6 7 9 7 10 4
18 2 0 5 5 2 7 5
19 2 3 4 5 6 0
20 2 0 2 5 6 2 8 9 10 2
21 5 1 4 1 0 5 8 6
22 2 3 0 5 3 5 6
23 2 0 4 2 2 2 8 2
24 2 0 2 2
25 3 3 0 5 3 5 8 9 3
26 2 0 2 3 6 4 6 7
27 2 0 2
28 3 1 5 5 6 0 6 9 7
29 2 3 0 3 3 3 3
30 2 0 4 2 2 5 8 6
31 9 1 9 5 9 7 8 9 0
32 2 3 4 0 7 7 4 4 4 4
33 2 0 2 2
34 0 3 1 6 6 7 8 1
35 2 0
36 2 3 0 5 3 5 6 7
37 2 3 0 3 6 7 8 9 10 3
38 2 0 4 2 4 7 5 5
39 0
40 2 3 0 3 4 3 8 3
41 2 0 2 2 2 8 8 2
42 0
43 2 0 4 5 2 2 6 10 10 2
44 0
45 2 3 4 0
46 3 3 6 5 6 0 6 7 10 6
47 2 3 0 7 6 7 3 7 7
48 2 0
49 2 0 2 3 6 4 2
50 2 3 0
51 2 3 0 3 6 3 6 9 7
52 2 3 0 3 6 3
53 2 0 2 5 2 2 2 9 2
54 2 0
55 2 0
56 0
57 2 0
58 3 3 0 5 7 7 3 7
59 2 0 4 6 6 7 2 2 2 2
60 2 4 4 0 8 7 8 4 8 8
61 7 1 2 2 2 7 0
62 2 3 0 3 4 4 8 6 4
63 2 0 4 5 2 5 8 6 2 2
64 2 0 4 2 6 9 6 9 4
65 3 3 0 3 4 7 5
66 6 1 2 5 3 0 8 6 6
67 2 3 8 3 4 4 4 0 8
68 4 3 4 0 4 7 8 9 10 4
69 2 0 2 3 4 7 5 7 8
70 2 0 4 2
71 2 0 2 3 7 7 8 3
72 2 3 0 5 3 3 3 3 8 9
73 2 3 0 3 4 7 3 9 7
74 4 3 4 0 4 9 8 9 4
75 2 3 0 3 4 5 6
76 2 3 4 0 6 4
77 2 3 0 5 3
78 0 1 1
79 2 5 4 5 7 7 0 9 7
80 2 3 4 0 4 5 5
81 2 0 2 3 6 4
82 2 3 0 5 3 8 8 3 3 3
83 2 3 0 3 4 3 3 3
84 2 3 0 3
85 2 3 0
86 2 0 2 3 4 5 8 6 6
87 4 3 4 0 6 4
88 6 1 2 5 3 0 6
89 2 0 2 2 4 5 8 5
90 2 8 2 5 3 5 6 0 8 8
91 0 1 1 5 1 7 1
92 2 3 0 5 6 3 3
93 3 1 4 0 4 7 4
94 2 0 4 2 2
95 2 0
96 5 5 5 5 0
97 2 3 0 5 3 3 6 7 8
98 2 3 0 5 6 7 8 3 8 9
99 3 3 0 3 4
100 2 9 4 9 6 9 6 7 0 9
101 2 3 4 0 4 4
102 7 1 4 5 6 7 0 7 10 8
103 2 4 4 0 4 5
104 0 4 4 1
105 2 0 2 3 4
106 2 0 2 5 2 5 9 9 6
107 3 3 0 5 3 3
108 0 1
109 2 3 4 5 0 5 8 9 6
110 2 0 2 6 6 2
111 2 0 2 2 6 4 8 6 6 6
112 2 0 2
113 2 3 4 0 4 4 4 7 8
114 7 1 4 5 7 7 0 7 10 7
115 2 3 0 8 4 5 6 3 10 3
116 2 0 2
117 2 0 4 2 2
118 4 1 2 5 7 7 0 9 7 7
119 2 4 4 0 4 4
120 2 0 2 2 2 2 9 9 6 6
121 6 1 2 2 6 0 6 6 6 6
122 2 3 0 8 4 7 5 3 3
123 2 0 4 2 4 2 2 7 8 2
124 2 0 4 2
125 3 3 0 3 4
126 2 3 4 5 6 7 0 9 10 7
127 3 1 4 0
128 3 3 0 5 3 7 3
129 7 1 2 7 4 5 0 7
130 2 0 5 5 6 2
131 2 0 2 3 4 8 8 4
132 2 0 5 5 6 2
133 2 3 0 6 6 10 6 10 10 3
134 3 3 6 5 6 7 8 10 10 0
135 4 1 1 0 4 5 6
136 2 0 2 5 3 2
137 10 3 10 3 4 7 8 9 10 0
138 2 0 4 5 6 8 8 2 2
139 2 0
140 5 1 2 2 0 5 8 9 10 5
141 2 0 4 2
142 2 3 0 3 6 4
143 2 0
144 3 3 4 0 6 7 8 9 4 4
145 2 0 4 5 2
146 2 0
147 2 3 0 5 3
148 2 0
149 4 1 1 5 0 5 5 7 8 9
150 2 0 5 5 2 5 9 9 6
151 0
152 2 0 4 2 4 7 5
153 2 3 4 0 4 4 8 4 4
154 2 3 5 5 0 5
155 2 0 2 2 6 4 6 10 10 7
156 4 3 1 5 0 7 8 9 5 9
157 2 3 0 5 3 3 6 6 10 3
158 2 3 6 3 3 7 0 9 7
159 2 3 0 5 7 7 3 7 10 3
160 2 0 4 2 2
161 2 0 4 5 2 7 5
162 2 7 7 5 3 3 0 7
163 2 3 4 5 0 5 6 7
164 0 4 4 1
165 2 3 0 3 3 5 8 6
166 2 0 2 2 4 5
167 5 1 2 2 9 5 8 6 0 9
168 2 3 0 3 6 4 8 6
169 2 3 0 3 3 3
170 2 0 4 2 6 4 6 9 10 4
171 2 0 4 2
172 2 3 0 3 3
173 3 3 0 5 3 5 8 6 6 3
174 2 6 2 5 3 0 6 6
175 2 3 4 0
176 2 4 4 0 8 5 6 4 4
177 3 3 0
178 2 4 4 0 4 5 6
179 2 0 2 3 6 2 6
180 2 0 2 3 6 2 6
181 2 0 4 2 6 7 2 9 7 2
182 2 3 6 6 4 0
183 0
184 2 4 4 0
185 0 3 4 5 6 1 1 1
186 3 3 0 3 6 7 4 7 8
187 2 3 4 0
188 2 3 4 5 0
189 2 3 4 5 0
190 2 3 4 0
191 6 6 4 5 6 7 8 0
192 2 0 2 3 6 3 6 7 7 7
193 2 4 4 0 4 5
194 3 3 5 5 7 7 0 9 7 7
195 2 3 4 0
196 2 3 4 0
197 2 3 4 5 6 7 0
198 3 3 0 5 3 5 6
199 2 3 0 3 6 7 8 9 10 3
200 3 3 5 5 0 5 5 7 8
201 2 3 4 5 0 5 8 10 10 5
202 2 3 0 3 4 5 5
203 2 3 4 5 6 7 0 7 7
204 9 3 9 9 6 9 6 6 0 9
205 5 1 1 5 6 7 0 7
206 2 0 2
207 0
208 0
209 0
210 2 0 2 2 2 2 8 2 2 2
211 0
212 3 3 0
213 2 0
214 2 3 0 6 6 3 6 7 8 8
215 2 3 0 3 4 7 3
216 2 0 2 2 4 5 8 9 10 2
217 2 5 5 5 0 5 8 9 5 9
218 5 1 4 2 0 5 5
219 2 3 0 6 6 3 6 10 10 7
220 2 3 4 5 8 7 8 0 10 8
221 2 0 2
222 2 4 4 0 4 5 5 10 8 4
223 2 0 2 5 3 5 8 6
224 5 5 4 5 6 0 6 7 6
225 2 3 0 3 3
226 2 0 2 2 4 8 8 5 2 2
227 3 3 4 0 6 4 6 7 10 7
228 2 0 2 5 2 2 6 6 10 2
229 2 3 0 5 3 5 6
230 3 1 5 5 6 0 6 9 6
231 4 1 1 5 0 5 5
232 2 3 6 6 6 0 6
233 4 1 1 0 6 7 8 4
234 2 0 2 2
235 2 3 0 5 3 3 3
236 2 3 4 6 6 0 6 7 10 6
237 4 3 1 0 6 8 8 4
238 3 3 0 5 6 7 3
239 3 3 0 3 3
240 2 0 2 2 2 2 9 9 6 6
241 3 3 0 3 3 5 6 7 3 9
242 2 3 0 3 3
243 2 0 2 3 3
244 3 3 0 3 4 3 3 9 10 7
245 2 0 4 2
246 3 3 4 0 4 5 6 4
247 2 3 4 0 4 7 5 7 8
248 2 0 4 2 4 7 5 9 2 2
249 2 3 4 5 0 5 6 7 10 7
